Inital conditions for Benji's Conway's Game of Life. Next line is number of starting states. Each state starts with a name followed by a 5x5 matrix
17
Tub
0,1,0,0,0
1,0,1,0,0
0,1,0,0,0
0,0,0,0,0
0,0,0,0,0
HBlinker
1,1,1,0,0
0,0,0,0,0
0,0,0,0,0
0,0,0,0,0
0,0,0,0,0
Glider 1a
1,0,0,0,0
0,1,1,0,0
1,1,0,0,0
0,0,0,0,0
0,0,0,0,0
Block
1,1,0,0,0
1,1,0,0,0
0,0,0,0,0
0,0,0,0,0
0,0,0,0,0
VBlinker
1,0,0,0,0
1,0,0,0,0
1,0,0,0,0
0,0,0,0,0
0,0,0,0,0
Glider 1b
0,1,0,0,0
0,0,1,0,0
1,1,1,0,0
0,0,0,0,0
0,0,0,0,0
Beehive
0,1,1,0,0
1,0,0,1,0
0,1,1,0,0
0,0,0,0,0
0,0,0,0,0
Pole 2a
1,0,0,0,0
0,0,0,0,0
1,0,0,0,0
0,0,0,0,0
0,0,0,0,0
Glider 1c
1,0,1,0,0
0,1,1,0,0
0,1,0,0,0
0,0,0,0,0
0,0,0,0,0
Ship
0,1,1,0,0
1,0,1,0,0
1,1,0,0,0
0,0,0,0,0
0,0,0,0,0
Pole 2b
1,0,1,0,0
0,0,0,0,0
0,0,0,0,0
0,0,0,0,0
0,0,0,0,0
Glider 1d
0,0,1,0,0
1,0,1,0,0
0,1,1,0,0
0,0,0,0,0
0,0,0,0,0
Boat
0,1,0,0,0
1,0,1,0,0
1,1,0,0,0
0,0,0,0,0
0,0,0,0,0
BiPole
0,0,0,1,1
0,0,0,0,1
0,1,0,1,0
1,0,0,0,0
1,1,0,0,0
Glider 1a
1,0,0,0,0
0,1,1,0,0
1,1,0,0,0
0,0,0,0,0
0,0,0,0,0
Snake
1,0,1,1,0
1,1,0,1,0
0,0,0,0,0
0,0,0,0,0
0,0,0,0,0
Clock
0,0,1,0,0
1,0,1,0,0
0,1,0,1,0
0,1,0,0,0
0,0,0,0,0
